#Batis Coord
#Lat        #Long
-2.99981	29.50138
-1.05125	29.6319
-1.05125	29.6319
-2.31439	28.75843
-2.31439	28.75843
-2.56994	30.46003
-2.56994	30.46003

#Cossypha Coord
#Lat       #Long
1.27847	31.50096
-2.99981	29.50138
-1.05125	29.6319
-2.31439	28.75843
-2.31439	28.75843
-2.31439	28.75843
-2.56994	30.46003

#Chamaetylas Coord
#Lat        #Long
-2.99981	29.50138
1.27847	    31.50096
-1.05125	29.6319
-2.31439	28.75843
-2.31439	28.75843
-2.31439	28.75843
-2.56994	30.46003
-2.56994	30.46003
-2.56994	30.46003

#Phylloscopus Coord
#Lat        #Long
-2.99981	29.50138
1.27847	    31.50096
-1.05125	29.6319
-2.31439	28.75843
-2.31439	28.75843
-2.56994	30.46003
-2.56994	30.46003